V 54
K 1
D 0 -1016000 4318000 0
Y 1
U 3937000 762000 254000 0 2 3 REFDES=IC?
U 3937000 508000 254000 0 2 3 DEVICE=DAC7562SDGST
U 3937000 254000 254000 0 2 0 PKG_TYPE=SOP50P490X110-10N
U 3937000 0 254000 0 2 0 Description=12-Bit, Dual, Low Power, Ultra-low Glitch, Buffered Voltage Output DAC with 2.5V, 4ppm/C Reference
U 3937000 -254000 254000 0 2 0 Datasheet Link=http://www.ti.com/lit/gpn/DAC7562
U 3937000 -508000 254000 0 2 0 Height=1.1
U 3937000 -762000 254000 0 2 0 Mouser Part Number=595-DAC7562SDGST
U 3937000 -1016000 254000 0 2 0 Mouser Price/Stock=https://www.mouser.co.uk/ProductDetail/Texas-Instruments/DAC7562SDGST?qs=L4ss%2FyqpMWSGO6Owt%2FvKEw%3D%3D
U 3937000 -1270000 254000 0 2 0 Manufacturer_Name=Texas Instruments
U 3937000 -1524000 254000 0 2 0 Manufacturer_Part_Number=DAC7562SDGST
U 0 0 254000 0 1 0 FORWARD_PCB=1
l 5 508000 254000 3810000 254000 3810000 -1270000 508000 -1270000 508000 254000
|GRPHSTL -1 -1 -1 1
P 1 0 0 508000 0 0 2 0
L 584200 0 228600 0 2 0 1 0 VOUTA
A 355600 50800 203200 0 9 3 #=1
A 0 0 9 0 3 0 PINTYPE=BI
P 2 0 -254000 508000 -254000 0 2 0
L 584200 -254000 228600 0 2 0 1 0 VOUTB
A 355600 -203200 203200 0 9 3 #=2
A 0 0 9 0 3 0 PINTYPE=BI
P 3 0 -508000 508000 -508000 0 2 0
L 584200 -508000 228600 0 2 0 1 0 GND
A 355600 -457200 203200 0 9 3 #=3
A 0 0 9 0 3 0 PINTYPE=BI
P 4 0 -762000 508000 -762000 0 2 0
L 584200 -762000 228600 0 2 0 1 0 ~LDAC
A 355600 -711200 203200 0 9 3 #=4
A 0 0 9 0 3 0 PINTYPE=BI
P 5 0 -1016000 508000 -1016000 0 2 0
L 584200 -1016000 228600 0 2 0 1 0 ~CLR
A 355600 -965200 203200 0 9 3 #=5
A 0 0 9 0 3 0 PINTYPE=BI
P 6 4318000 0 3810000 0 0 3 0
L 3733800 0 228600 0 8 0 1 0 VREFIN/VREFOUT
A 3962400 50800 203200 0 3 3 #=10
A 0 0 9 0 3 0 PINTYPE=BI
P 7 4318000 -254000 3810000 -254000 0 3 0
L 3733800 -254000 228600 0 8 0 1 0 AVDD
A 3962400 -203200 203200 0 3 3 #=9
A 0 0 9 0 3 0 PINTYPE=BI
P 8 4318000 -508000 3810000 -508000 0 3 0
L 3733800 -508000 228600 0 8 0 1 0 DIN
A 3962400 -457200 203200 0 3 3 #=8
A 0 0 9 0 3 0 PINTYPE=BI
P 9 4318000 -762000 3810000 -762000 0 3 0
L 3733800 -762000 228600 0 8 0 1 0 SCLK
A 3962400 -711200 203200 0 3 3 #=7
A 0 0 9 0 3 0 PINTYPE=BI
P 10 4318000 -1016000 3810000 -1016000 0 3 0
L 3733800 -1016000 228600 0 8 0 1 0 ~SYNC
A 3962400 -965200 203200 0 3 3 #=6
A 0 0 9 0 3 0 PINTYPE=BI
E
