V 54
K 1
D 0 -508000 5334000 0
Y 1
U 4953000 762000 254000 0 2 3 REFDES=HY?
U 4953000 508000 254000 0 2 3 DEVICE=RDC-20-232-75X+
U 4953000 254000 254000 0 2 0 PKG_TYPE=RDC2023275X
U 4953000 0 254000 0 2 0 Description=RF Directional Coupler General Purpose 5MHz ~ 2.35GHz 20.2 +/- 1.3dB 1W 6-SMD Module
U 4953000 -254000 254000 0 2 0 Datasheet Link=https://www.minicircuits.com/pdfs/RDC-20-232-75X+.pdf
U 4953000 -508000 254000 0 2 0 Height=3.56
U 4953000 -762000 254000 0 2 0 Mouser Part Number=139-RDC-20-232-75X+
U 4953000 -1016000 254000 0 2 0 Mouser Price/Stock=https://www.mouser.co.uk/ProductDetail/Mini-Circuits/RDC-20-232-75X%2b?qs=ljCeji4nMDlqXNd5I%2FycaA%3D%3D
U 4953000 -1270000 254000 0 2 0 Manufacturer_Name=Mini-Circuits
U 4953000 -1524000 254000 0 2 0 Manufacturer_Part_Number=RDC-20-232-75X+
U 0 0 254000 0 1 0 FORWARD_PCB=1
l 5 508000 254000 4826000 254000 4826000 -762000 508000 -762000 508000 254000
|GRPHSTL -1 -1 -1 1
P 1 0 0 508000 0 0 2 0
L 584200 0 228600 0 2 0 1 0 INPUT
A 355600 50800 203200 0 9 3 #=1
A 0 0 9 0 3 0 PINTYPE=BI
P 2 0 -254000 508000 -254000 0 2 0
L 584200 -254000 228600 0 2 0 1 0 GROUND_1
A 355600 -203200 203200 0 9 3 #=2
A 0 0 9 0 3 0 PINTYPE=BI
P 3 0 -508000 508000 -508000 0 2 0
L 584200 -508000 228600 0 2 0 1 0 COUPLED
A 355600 -457200 203200 0 9 3 #=3
A 0 0 9 0 3 0 PINTYPE=BI
P 4 5334000 -508000 4826000 -508000 0 3 0
L 4749800 -508000 228600 0 8 0 1 0 75ohm_TERM_EXTERNAL
A 4978400 -457200 203200 0 3 3 #=4
A 0 0 9 0 3 0 PINTYPE=BI
P 5 5334000 -254000 4826000 -254000 0 3 0
L 4749800 -254000 228600 0 8 0 1 0 GROUND_2
A 4978400 -203200 203200 0 3 3 #=5
A 0 0 9 0 3 0 PINTYPE=BI
P 6 5334000 0 4826000 0 0 3 0
L 4749800 0 228600 0 8 0 1 0 OUTPUT
A 4978400 50800 203200 0 3 3 #=6
A 0 0 9 0 3 0 PINTYPE=BI
E
