V 54
K 1
D 0 -508000 3048000 0
Y 1
U 2667000 762000 254000 0 2 3 REFDES=PS?
U 2667000 508000 254000 0 2 3 DEVICE=REC20K-2415DZ
U 2667000 254000 254000 0 2 0 PKG_TYPE=REC20K
U 2667000 0 254000 0 2 0 Description=20W DC/DC-Converter 'ECONOLINE' 1"x1" 2kV reg 4:1
U 2667000 -254000 254000 0 2 0 Datasheet Link=https://recom-power.com/pdf/Econoline/REC20K-Z.pdf
U 2667000 -508000 254000 0 2 0 Height=
U 2667000 -762000 254000 0 2 0 Mouser Part Number=
U 2667000 -1016000 254000 0 2 0 Mouser Price/Stock=
U 2667000 -1270000 254000 0 2 0 Manufacturer_Name=RECOM Power
U 2667000 -1524000 254000 0 2 0 Manufacturer_Part_Number=REC20K-2415DZ
U 0 0 254000 0 1 0 FORWARD_PCB=1
l 5 508000 254000 2540000 254000 2540000 -762000 508000 -762000 508000 254000
|GRPHSTL -1 -1 -1 1
P 1 0 -508000 508000 -508000 0 2 0
L 584200 -508000 228600 0 2 0 1 0 +VIN
A 355600 -457200 203200 0 9 3 #=1
A 0 0 9 0 3 0 PINTYPE=BI
P 2 0 -254000 508000 -254000 0 2 0
L 584200 -254000 228600 0 2 0 1 0 -VIN
A 355600 -203200 203200 0 9 3 #=2
A 0 0 9 0 3 0 PINTYPE=BI
P 3 0 0 508000 0 0 2 0
L 584200 0 228600 0 2 0 1 0 CTRL
A 355600 50800 203200 0 9 3 #=3
A 0 0 9 0 3 0 PINTYPE=BI
P 4 3048000 0 2540000 0 0 3 0
L 2463800 0 228600 0 8 0 1 0 -VOUT
A 2692400 50800 203200 0 3 3 #=4
A 0 0 9 0 3 0 PINTYPE=BI
P 5 3048000 -254000 2540000 -254000 0 3 0
L 2463800 -254000 228600 0 8 0 1 0 COM
A 2692400 -203200 203200 0 3 3 #=5
A 0 0 9 0 3 0 PINTYPE=BI
P 6 3048000 -508000 2540000 -508000 0 3 0
L 2463800 -508000 228600 0 8 0 1 0 +VOUT
A 2692400 -457200 203200 0 3 3 #=6
A 0 0 9 0 3 0 PINTYPE=BI
E
