V 54
K 1
D 0 -2286000 3048000 1524000
Y 1
U 2667000 1524000 254000 0 2 3 REFDES=IC?
U 2667000 1270000 254000 0 2 3 DEVICE=TPS7A4901DRBT
U 2667000 1016000 254000 0 2 0 PKG_TYPE=TPS7A4901DRBT
U 2667000 762000 254000 0 2 0 Description=LDO Voltage Regulators Vin 3V to 36V 150mA UltraLow Noise
U 2667000 508000 254000 0 2 0 Datasheet Link=https://www.arrow.com/en/products/tps7a4901drbt/texas-instruments?region=nac
U 2667000 254000 254000 0 2 0 Height=1
U 2667000 0 254000 0 2 0 Mouser Part Number=595-TPS7A4901DRBT
U 2667000 -254000 254000 0 2 0 Mouser Price/Stock=https://www.mouser.co.uk/ProductDetail/Texas-Instruments/TPS7A4901DRBT?qs=pV2tVPdcZ6zWH9W1Sn7%252Btg%3D%3D
U 2667000 -508000 254000 0 2 0 Manufacturer_Name=Texas Instruments
U 2667000 -762000 254000 0 2 0 Manufacturer_Part_Number=TPS7A4901DRBT
U 0 0 254000 0 1 0 FORWARD_PCB=1
l 5 508000 1016000 2540000 1016000 2540000 -1778000 508000 -1778000 508000 1016000
|GRPHSTL -1 -1 -1 1
P 1 0 0 508000 0 0 2 0
L 584200 0 228600 0 2 0 1 0 OUT
A 355600 50800 203200 0 9 3 #=1
A 0 0 9 0 3 0 PINTYPE=BI
P 2 0 -254000 508000 -254000 0 2 0
L 584200 -254000 228600 0 2 0 1 0 FB
A 355600 -203200 203200 0 9 3 #=2
A 0 0 9 0 3 0 PINTYPE=BI
P 3 0 -508000 508000 -508000 0 2 0
L 584200 -508000 228600 0 2 0 1 0 NC
A 355600 -457200 203200 0 9 3 #=3
A 0 0 9 0 3 0 PINTYPE=BI
P 4 0 -762000 508000 -762000 0 2 0
L 584200 -762000 228600 0 2 0 1 0 GND
A 355600 -711200 203200 0 9 3 #=4
A 0 0 9 0 3 0 PINTYPE=BI
P 5 3048000 -762000 2540000 -762000 0 3 0
L 2463800 -762000 228600 0 8 0 1 0 EN
A 2692400 -711200 203200 0 3 3 #=5
A 0 0 9 0 3 0 PINTYPE=BI
P 6 3048000 -508000 2540000 -508000 0 3 0
L 2463800 -508000 228600 0 8 0 1 0 NR/SS
A 2692400 -457200 203200 0 3 3 #=6
A 0 0 9 0 3 0 PINTYPE=BI
P 7 3048000 -254000 2540000 -254000 0 3 0
L 2463800 -254000 228600 0 8 0 1 0 DNC
A 2692400 -203200 203200 0 3 3 #=7
A 0 0 9 0 3 0 PINTYPE=BI
P 8 3048000 0 2540000 0 0 3 0
L 2463800 0 228600 0 8 0 1 0 IN
A 2692400 50800 203200 0 3 3 #=8
A 0 0 9 0 3 0 PINTYPE=BI
P 9 1524000 1524000 1524000 1016000 0 0 0
L 1524000 939800 228600 1 8 0 1 0 EP_1
A 1473200 1168400 203200 1 3 3 #=9
A 0 0 9 0 3 0 PINTYPE=BI
P 10 1270000 1524000 1270000 1016000 0 0 0
L 1270000 939800 228600 1 8 0 1 0 EP_2
A 1219200 1168400 203200 1 3 3 #=10
A 0 0 9 0 3 0 PINTYPE=BI
P 11 1270000 -2286000 1270000 -1778000 0 1 0
L 1270000 -1701800 228600 1 2 0 1 0 EP_3
A 1219200 -1930400 203200 1 9 3 #=11
A 0 0 9 0 3 0 PINTYPE=BI
P 12 1778000 1524000 1778000 1016000 0 0 0
L 1778000 939800 228600 1 8 0 1 0 EP_4
A 1727200 1168400 203200 1 3 3 #=12
A 0 0 9 0 3 0 PINTYPE=BI
P 13 1524000 -2286000 1524000 -1778000 0 1 0
L 1524000 -1701800 228600 1 2 0 1 0 EP_5
A 1473200 -1930400 203200 1 9 3 #=13
A 0 0 9 0 3 0 PINTYPE=BI
E
