V 54
K 1
D 0 -508000 10160000 0
Y 1
U 9779000 762000 254000 0 2 3 REFDES=U?
U 9779000 508000 254000 0 2 3 DEVICE=SBTCJ-13-75+
U 9779000 254000 254000 0 2 0 PKG_TYPE=SBTCJ1375
U 9779000 0 254000 0 2 0 Description=RF Power Divider 5 MHz ~ 1 GHz Isolation (Min) 20dB, 1.8 VSWR (Max), 9 Imbalance (Max) 6-SMD, Flat Leads
U 9779000 -254000 254000 0 2 0 Datasheet Link=https://www.minicircuits.com/pdfs/SBTCJ-13-75+.pdf
U 9779000 -508000 254000 0 2 0 Height=4.06
U 9779000 -762000 254000 0 2 0 Mouser Part Number=
U 9779000 -1016000 254000 0 2 0 Mouser Price/Stock=
U 9779000 -1270000 254000 0 2 0 Manufacturer_Name=Mini-Circuits
U 9779000 -1524000 254000 0 2 0 Manufacturer_Part_Number=SBTCJ-13-75+
U 0 0 254000 0 1 0 FORWARD_PCB=1
l 5 508000 254000 9652000 254000 9652000 -762000 508000 -762000 508000 254000
|GRPHSTL -1 -1 -1 1
P 1 10160000 0 9652000 0 0 3 0
L 9575800 0 228600 0 8 0 1 0 PORT_1_(180°)_
A 9804400 50800 203200 0 3 3 #=1
A 0 0 9 0 3 0 PINTYPE=BI
P 2 10160000 -254000 9652000 -254000 0 3 0
L 9575800 -254000 228600 0 8 0 1 0 NOT_USED
A 9804400 -203200 203200 0 3 3 #=2
A 0 0 9 0 3 0 PINTYPE=BI
P 3 10160000 -508000 9652000 -508000 0 3 0
L 9575800 -508000 228600 0 8 0 1 0 PORT_2_(0°)_
A 9804400 -457200 203200 0 3 3 #=3
A 0 0 9 0 3 0 PINTYPE=BI
P 4 0 -508000 508000 -508000 0 2 0
L 584200 -508000 228600 0 2 0 1 0 GROUND
A 355600 -457200 203200 0 9 3 #=4
A 0 0 9 0 3 0 PINTYPE=BI
P 5 0 -254000 508000 -254000 0 2 0
L 584200 -254000 228600 0 2 0 1 0 EXT._CAPACITOR_3.6_PF_/EXT._RESISTOR_30.1Ω_/GROUND
A 355600 -203200 203200 0 9 3 #=5
A 0 0 9 0 3 0 PINTYPE=BI
P 6 0 0 508000 0 0 2 0
L 584200 0 228600 0 2 0 1 0 SUM_PORT
A 355600 50800 203200 0 9 3 #=6
A 0 0 9 0 3 0 PINTYPE=BI
E
